### NIRSPEC Brown Dwarf Spectroscopic Survey (BDSS)
### McLean et al. 2007, ApJ, 658. 1217
### Please cite the above reference if you use  
### or display this data in your publication.
###     2MASS 0559 -- NIRSPEC-3 Filter, dispersion order 59
### lambda (microns)   Flambda (Normalized)
       1.2828541      0.89998196
       1.2828726      0.93413139
       1.2828911      0.94230375
       1.2829096      0.91464862
       1.2829280      0.93126269
       1.2829466      0.93896912
       1.2829651      0.88833460
       1.2829834      0.85887403
       1.2830019      0.88028359
       1.2830204      0.82932123
       1.2830389      0.83895465
       1.2830574      0.79071964
       1.2830758      0.79712653
       1.2830943      0.83985196
       1.2831127      0.78985025
       1.2831311      0.79278184
       1.2831496      0.80346735
       1.2831681      0.78916259
       1.2831866      0.77441397
       1.2832051      0.73681330
       1.2832235      0.77766087
       1.2832419      0.77517350
       1.2832604      0.71559667
       1.2832788      0.71138771
       1.2832973      0.71157187
       1.2833158      0.69220816
       1.2833343      0.63128240
       1.2833526      0.60309337
       1.2833711      0.59403049
       1.2833896      0.67545182
       1.2834081      0.74540183
       1.2834265      0.77460830
       1.2834450      0.80430481
       1.2834635      0.85235353
       1.2834819      0.87576631
       1.2835003      0.86706636
       1.2835188      0.87882011
       1.2835373      0.85464246
       1.2835558      0.84483508
       1.2835742      0.87737976
       1.2835927      0.90557266
       1.2836111      0.83121902
       1.2836296      0.87069637
       1.2836480      0.88202455
       1.2836665      0.88654680
       1.2836850      0.89879463
       1.2837035      0.88175912
       1.2837219      0.85357784
       1.2837403      0.89922596
       1.2837588      0.90367947
       1.2837773      0.90700018
       1.2837957      0.90591824
       1.2838142      0.92192968
       1.2838327      0.93595020
       1.2838512      0.94232941
       1.2838695      0.94417990
       1.2838880      0.93314987
       1.2839065      0.94997483
       1.2839250      0.95931773
       1.2839434      0.97695888
       1.2839619      0.97591638
       1.2839804      0.92234192
       1.2839987      0.90670639
       1.2840172      0.85985556
       1.2840357      0.85522840
       1.2840542      0.85588293
       1.2840727      0.84134338
       1.2840911      0.84244851
       1.2841095      0.92500502
       1.2841280      0.91133442
       1.2841464      0.94375042
       1.2841649      0.96509863
       1.2841834      0.97691956
       1.2842019      0.99035395
       1.2842204      0.99538598
       1.2842387      0.99773384
       1.2842572      0.99682548
       1.2842758      0.98609367
       1.2842942       1.0081778
       1.2843127      0.99070201
       1.2843312      0.97242588
       1.2843497      0.96086496
       1.2843680      0.94967097
       1.2843865      0.94979622
       1.2844050      0.88411021
       1.2844235      0.86564659
       1.2844419      0.84446192
       1.2844604      0.81612068
       1.2844789      0.76182603
       1.2844973      0.88545701
       1.2845157      0.91764466
       1.2845342      0.95739123
       1.2845527      0.95622437
       1.2845712      0.98266757
       1.2845897      0.96320325
       1.2846081      0.96843801
       1.2846265      0.94236156
       1.2846450      0.92542486
       1.2846634      0.92302128
       1.2846819      0.90473207
       1.2847004      0.91252614
       1.2847189      0.88524475
       1.2847374      0.89567962
       1.2847557      0.91110156
       1.2847742      0.89879808
       1.2847927      0.89618016
       1.2848111      0.88105965
       1.2848296      0.89570567
       1.2848481      0.87132631
       1.2848665      0.85116228
       1.2848849      0.84473915
       1.2849034      0.83849379
       1.2849219      0.81297698
       1.2849404      0.76737876
       1.2849588      0.77524789
       1.2849773      0.76201788
       1.2849957      0.74858911
       1.2850142      0.77795846
       1.2850326      0.78594320
       1.2850511      0.79081994
       1.2850696      0.80029116
       1.2850881      0.85166716
       1.2851065      0.90217332
       1.2851249      0.93185521
       1.2851434      0.94326429
       1.2851619      0.96817588
       1.2851803      0.95066246
       1.2851988      0.95751562
       1.2852173      0.97256372
       1.2852358      0.94943875
       1.2852541      0.97192216
       1.2852726      0.99208546
       1.2852911      0.99075893
       1.2853096       1.0077262
       1.2853280      0.94826361
       1.2853465      0.96142835
       1.2853650      0.98597985
       1.2853833      0.97405281
       1.2854018      0.96218476
       1.2854203      0.95198072
       1.2854388      0.92134461
       1.2854573      0.90710477
       1.2854757      0.93713114
       1.2854942      0.94704552
       1.2855126      0.94265557
       1.2855310      0.94575090
       1.2855495      0.97912530
       1.2855680      0.95318015
       1.2855865      0.95229129
       1.2856051      0.97314805
       1.2856234      0.97239670
       1.2856419      0.96561495
       1.2856604      0.95144085
       1.2856788      0.97166647
       1.2856973      0.96291285
       1.2857158      0.97282895
       1.2857343       1.0046136
       1.2857526      0.98549996
       1.2857711      0.98528960
       1.2857896      0.97829233
       1.2858081      0.97561732
       1.2858265      0.97730863
       1.2858450      0.95166270
       1.2858635      0.88548974
       1.2858819      0.87502800
       1.2859003      0.86904378
       1.2859188      0.84869134
       1.2859373      0.86232011
       1.2859558      0.86180535
       1.2859742      0.87017317
       1.2859927      0.87963423
       1.2860111      0.86181389
       1.2860296      0.85176042
       1.2860480      0.82287005
       1.2860665      0.77726715
       1.2860850      0.72449763
       1.2861035      0.69014579
       1.2861219      0.64865529
       1.2861403      0.66801931
       1.2861588      0.66594226
       1.2861773      0.70579234
       1.2861957      0.74372144
       1.2862142      0.77445499
       1.2862327      0.79609560
       1.2862512      0.79112395
       1.2862695      0.79779801
       1.2862880      0.78561275
       1.2863065      0.80253752
       1.2863250      0.77612297
       1.2863434      0.76865828
       1.2863619      0.80700267
       1.2863803      0.81114212
       1.2863988      0.81403558
       1.2864172      0.81903685
       1.2864357      0.82027067
       1.2864542      0.82010410
       1.2864727      0.79777163
       1.2864911      0.78328487
       1.2865095      0.82385041
       1.2865280      0.81345953
       1.2865465      0.83231602
       1.2865649      0.83205934
       1.2865834      0.84541426
       1.2866019      0.83274705
       1.2866204      0.84487208
       1.2866387      0.79469161
       1.2866572      0.75583451
       1.2866757      0.75557671
       1.2866942      0.77804633
       1.2867126      0.77461010
       1.2867311      0.78584492
       1.2867496      0.84027354
       1.2867679      0.85178446
       1.2867864      0.85627498
       1.2868049      0.90941058
       1.2868234      0.89163304
       1.2868419      0.88849504
       1.2868603      0.90099626
       1.2868788      0.91231803
       1.2868972      0.92541780
       1.2869156      0.93124985
       1.2869342      0.92039554
       1.2869527      0.92705420
       1.2869712      0.93623682
       1.2869897      0.95315777
       1.2870081      0.96955799
       1.2870265      0.96673732
       1.2870450      0.99223283
       1.2870634      0.99095100
       1.2870819      0.97309016
       1.2871004      0.99176883
       1.2871189      0.98298152
       1.2871372      0.95440792
       1.2871557      0.93624461
       1.2871742      0.90991736
       1.2871927      0.88624059
       1.2872111      0.86659495
       1.2872296      0.86604481
       1.2872481      0.90430934
       1.2872665      0.92047520
       1.2872849      0.92197916
       1.2873034      0.96954120
       1.2873219      0.95087272
       1.2873404      0.96361020
       1.2873588      0.94860307
       1.2873773      0.93254366
       1.2873957      0.92225393
       1.2874142      0.90140522
       1.2874326      0.93028600
       1.2874511      0.90948240
       1.2874696      0.93741698
       1.2874881      0.98816194
       1.2875065      0.96408287
       1.2875249      0.95460906
       1.2875434      0.96608037
       1.2875619      0.96442035
       1.2875803      0.94423543
       1.2875988      0.95035075
       1.2876173      0.94131756
       1.2876358      0.93267590
       1.2876541      0.91492332
       1.2876726      0.91575727
       1.2876911      0.92935498
       1.2877096      0.94777542
       1.2877280      0.93218121
       1.2877465      0.93481300
       1.2877650      0.94974378
       1.2877833      0.98378844
       1.2878018      0.95840797
       1.2878203      0.94367783
       1.2878388      0.94610026
       1.2878573      0.94564985
       1.2878757      0.92757225
       1.2878941      0.92801081
       1.2879126      0.94919571
       1.2879310      0.91609408
       1.2879495      0.88149919
       1.2879680      0.84146457
       1.2879865      0.77937037
       1.2880050      0.76100312
       1.2880233      0.73278933
       1.2880418      0.75301990
       1.2880603      0.79138233
       1.2880787      0.81361822
       1.2880972      0.84102591
       1.2881157      0.85172638
       1.2881342      0.85064125
       1.2881525      0.82661388
       1.2881710      0.81470444
       1.2881895      0.81417115
       1.2882080      0.81027961
       1.2882264      0.80905963
       1.2882449      0.80016132
       1.2882635      0.77092748
       1.2882819      0.80399882
       1.2883003      0.82229403
       1.2883188      0.81577268
       1.2883373      0.83775199
       1.2883558      0.80377055
       1.2883742      0.80089206
       1.2883927      0.72281398
       1.2884111      0.69302072
       1.2884296      0.70680103
       1.2884480      0.66633976
       1.2884665      0.67713844
       1.2884850      0.66692873
       1.2885035      0.69543588
       1.2885219      0.68667897
       1.2885403      0.73914777
       1.2885588      0.84927999
       1.2885773      0.88371459
       1.2885957      0.87155665
       1.2886142      0.91624741
       1.2886327      0.92432068
       1.2886511      0.92998696
       1.2886695      0.91905171
       1.2886880      0.91536913
       1.2887065      0.90374102
       1.2887250      0.90807940
       1.2887434      0.89968759
       1.2887619      0.90180996
       1.2887803      0.86358696
       1.2887988      0.87589463
       1.2888172      0.86488082
       1.2888357      0.86551067
       1.2888542      0.88336660
       1.2888727      0.88947637
       1.2888911      0.89258526
       1.2889095      0.90463970
       1.2889280      0.89116259
       1.2889465      0.89561759
       1.2889649      0.89027290
       1.2889834      0.86270043
       1.2890019      0.81793813
       1.2890204      0.76445294
       1.2890387      0.73394525
       1.2890572      0.72931977
       1.2890757      0.76023111
       1.2890942      0.80280464
       1.2891126      0.84456453
       1.2891311      0.87209538
       1.2891496      0.90215298
       1.2891679      0.94193954
       1.2891864      0.95672497
       1.2892049      0.98836622
       1.2892234      0.95610886
       1.2892419      0.95918353
       1.2892603      0.95249876
       1.2892788      0.96545105
       1.2892972      0.93026678
       1.2893156      0.93465457
       1.2893341      0.91701118
       1.2893526      0.91306150
       1.2893711      0.89714734
       1.2893896      0.89407874
       1.2894079      0.87963036
       1.2894264      0.86984884
       1.2894449      0.85241637
       1.2894633      0.87252748
       1.2894818      0.87533697
       1.2895003      0.84660376
       1.2895188      0.80657049
       1.2895371      0.78706332
       1.2895556      0.77201745
       1.2895741      0.75560837
       1.2895927      0.74562202
       1.2896111      0.79129069
       1.2896296      0.85627401
       1.2896481      0.91251675
       1.2896665      0.93951150
       1.2896849      0.96918009
       1.2897034      0.98656289
       1.2897219      0.99843101
       1.2897404       1.0119442
       1.2897588       1.0198222
       1.2897773      0.92134310
       1.2897957      0.95046508
       1.2898142      0.99469322
       1.2898326      0.97347607
       1.2898511      0.96103910
       1.2898696      0.93263381
       1.2898881      0.94757776
       1.2899065      0.94929443
       1.2899249      0.92106946
       1.2899434      0.92715445
       1.2899619      0.90942406
       1.2899803      0.92136981
       1.2899988      0.92953656
       1.2900173      0.93917613
       1.2900358      0.95062352
       1.2900541      0.99177226
       1.2900726      0.99141526
       1.2900911      0.98820733
       1.2901096      0.98151961
       1.2901280      0.98090013
       1.2901465      0.96756692
       1.2901649      0.91277761
       1.2901834      0.88972864
       1.2902018      0.84917223
       1.2902203      0.81897349
       1.2902388      0.82325604
       1.2902573      0.84132793
       1.2902757      0.87475538
       1.2902941      0.91894147
       1.2903126      0.94302843
       1.2903311      0.97051754
       1.2903495      0.99345711
       1.2903680      0.96611877
       1.2903865      0.97679965
       1.2904050      0.97275081
       1.2904233      0.96637701
       1.2904418      0.95837314
       1.2904603      0.94861267
       1.2904788      0.91484023
       1.2904972      0.85416423
       1.2905157      0.80562464
       1.2905342      0.78374914
       1.2905525      0.77787702
       1.2905710      0.80021581
       1.2905895      0.80744971
       1.2906080      0.81592868
       1.2906265      0.88668149
       1.2906449      0.77802618
       1.2906634      0.80361187
       1.2906818      0.75977390
       1.2907002      0.87632893
       1.2907187      0.85416973
       1.2907372      0.84287984
       1.2907557      0.86399628
       1.2907742      0.90229592
       1.2907926      0.91052668
       1.2908110      0.93122780
       1.2908295      0.90685592
       1.2908479      0.87166225
       1.2908664      0.86351013
       1.2908849      0.83510215
       1.2909034      0.84198215
       1.2909218      0.84186721
       1.2909403      0.82639995
       1.2909588      0.80317554
       1.2909773      0.81211487
       1.2909957      0.82297053
       1.2910142      0.86017877
       1.2910327      0.86438593
       1.2910511      0.87833138
       1.2910695      0.89706650
       1.2910880      0.89902818
       1.2911065      0.94553852
       1.2911250      0.96642228
       1.2911434      0.93992900
       1.2911619      0.94166238
       1.2911803      0.96413554
       1.2911988      0.95115494
       1.2912172      0.97030762
       1.2912357      0.97049174
       1.2912542      0.96337192
       1.2912727      0.97709960
       1.2912911      0.96766963
       1.2913095      0.96594988
       1.2913280      0.96152242
       1.2913465      0.94158456
       1.2913649      0.95879781
       1.2913834      0.96307575
       1.2914019      0.95106798
       1.2914204      0.95571840
       1.2914387      0.98204872
       1.2914572      0.98452926
       1.2914757      0.96159746
       1.2914942      0.96299914
       1.2915126      0.94965665
       1.2915311      0.91412933
       1.2915496      0.90060427
       1.2915679      0.84147148
       1.2915864      0.80637452
       1.2916049      0.80006088
       1.2916234      0.77123632
       1.2916419      0.78330538
       1.2916603      0.82020471
       1.2916787      0.80236964
       1.2916972      0.82804353
       1.2917156      0.81982945
       1.2917341      0.82805011
       1.2917526      0.85225280
       1.2917711      0.84099261
       1.2917896      0.81504712
       1.2918079      0.83099057
       1.2918264      0.81761583
       1.2918449      0.78838558
       1.2918633      0.81131921
       1.2918818      0.81822662
       1.2919003      0.80815565
       1.2919188      0.79491788
       1.2919371      0.76832504
       1.2919556      0.74282658
       1.2919741      0.69372730
       1.2919926      0.69648169
       1.2920110      0.65690088
       1.2920295      0.67432507
       1.2920480      0.68180337
       1.2920664      0.71630892
       1.2920848      0.71166245
       1.2921033      0.71997087
       1.2921218      0.72816284
       1.2921403      0.73132205
       1.2921587      0.72873064
       1.2921772      0.76999241
       1.2921956      0.79670108
       1.2922141      0.79037292
       1.2922325      0.80350240
       1.2922511      0.76356022
       1.2922696      0.76161136
       1.2922881      0.75949034
       1.2923065      0.77800977
       1.2923249      0.78500145
       1.2923434      0.79943123
       1.2923619      0.80345945
       1.2923803      0.80182029
       1.2923988      0.81811158
       1.2924173      0.82715085
       1.2924358      0.83786692
       1.2924541      0.86663585
       1.2924726      0.86760022
       1.2924911      0.88300899
       1.2925096      0.90323875
       1.2925280      0.90122503
       1.2925465      0.86724454
       1.2925649      0.82314381
       1.2925834      0.78093810
       1.2926018      0.73384131
       1.2926203      0.69408051
       1.2926388      0.68199262
       1.2926573      0.67250615
       1.2926757      0.66223772
       1.2926941      0.68089349
       1.2927126      0.70445394
       1.2927311      0.76238161
       1.2927495      0.79375739
       1.2927680      0.82363367
       1.2927865      0.83456873
       1.2928050      0.86800437
       1.2928233      0.88045489
       1.2928418      0.85458335
       1.2928603      0.85438175
       1.2928788      0.85106271
       1.2928972      0.84292281
       1.2929157      0.84275921
       1.2929342      0.82716484
       1.2929525      0.83723385
       1.2929710      0.85476606
       1.2929895      0.86345567
       1.2930080      0.87062746
       1.2930265      0.88642434
       1.2930449      0.85428927
       1.2930634      0.84313939
       1.2930818      0.81086211
       1.2931002      0.79751895
       1.2931187      0.83549850
       1.2931372      0.86186669
       1.2931557      0.87471479
       1.2931742      0.90197115
       1.2931925      0.91198205
       1.2932110      0.93605237
       1.2932295      0.96171711
       1.2932479      0.95466112
       1.2932664      0.96596611
       1.2932849      0.95465988
       1.2933034      0.97591802
       1.2933217      0.97521534
       1.2933402      0.99020810
       1.2933587      0.99431308
       1.2933772      0.99143202
       1.2933956      0.99874082
       1.2934141       1.0042318
       1.2934326      0.99196927
       1.2934510      0.98360484
       1.2934694      0.99232704
       1.2934879      0.99266634
       1.2935064      0.96744427
       1.2935249      0.96426317
       1.2935433      0.95546386
       1.2935618      0.97216940
       1.2935803      0.96863424
       1.2935988      0.96457917
       1.2936172      0.96268525
       1.2936357      0.95476161
       1.2936542      0.94183407
       1.2936727      0.92947308
       1.2936911      0.89187601
       1.2937095      0.86917257
       1.2937280      0.88202410
       1.2937465      0.80028046
       1.2937649      0.80867926
       1.2937834      0.84382229
       1.2938019      0.82719033
       1.2938204      0.79650822
       1.2938387      0.83108448
       1.2938572      0.83924429
       1.2938757      0.86119687
       1.2938942      0.85450759
       1.2939126      0.85100739
       1.2939311      0.85604605
       1.2939496      0.86761847
       1.2939679      0.88135894
       1.2939864      0.87605437
       1.2940049      0.86233930
       1.2940234      0.86017097
       1.2940419      0.85256261
       1.2940603      0.81847316
       1.2940787      0.80937845
       1.2940972      0.83843724
       1.2941156      0.87332266
       1.2941341      0.91978697
       1.2941526      0.94769571
       1.2941711      0.95124109
       1.2941896      0.95278660
       1.2942079      0.95395032
       1.2942264      0.95307734
       1.2942449      0.96543533
       1.2942633      0.98474270
       1.2942818      0.98328521
       1.2943003      0.97345182
       1.2943188      0.98449371
       1.2943371      0.97057673
       1.2943556      0.98874097
       1.2943741      0.96454371
       1.2943926      0.97014254
       1.2944110      0.97839765
       1.2944295      0.94062711
       1.2944480      0.92742769
       1.2944664      0.88233752
       1.2944848      0.82288412
       1.2945033      0.75486013
       1.2945218      0.68547907
       1.2945403      0.64233170
       1.2945588      0.64896246
       1.2945772      0.68110950
       1.2945956      0.71953319
       1.2946141      0.75256646
       1.2946325      0.80198599
       1.2946510      0.82272650
       1.2946695      0.85042932
       1.2946880      0.84366802
       1.2947063      0.85537213
       1.2947248      0.85074795
       1.2947433      0.84525637
       1.2947618      0.86190459
       1.2947802      0.85182353
       1.2947987      0.86060793
       1.2948172      0.84953079
       1.2948356      0.88063604
       1.2948540      0.87720138
       1.2948725      0.88156473
       1.2948911      0.87593848
       1.2949096      0.90051094
       1.2949280      0.87679344
       1.2949465      0.88720322
       1.2949649      0.88795937
       1.2949834      0.89499388
       1.2950018      0.89695856
       1.2950203      0.89913611
       1.2950388      0.89527108
       1.2950573      0.91165468
       1.2950757      0.92393652
       1.2950941      0.91938163
       1.2951126      0.93414802
       1.2951311      0.91960507
       1.2951495      0.93566731
       1.2951680      0.91913577
       1.2951865      0.90697815
       1.2952050      0.92725844
       1.2952233      0.93013772
       1.2952418      0.93192536
       1.2952603      0.92595708
       1.2952788      0.94210898
       1.2952972      0.93319273
       1.2953157      0.93972064
       1.2953342      0.93874326
       1.2953525      0.92537646
       1.2953710      0.92020652
       1.2953895      0.88051921
       1.2954080      0.84985464
       1.2954265      0.81788168
       1.2954449      0.78563461
       1.2954634      0.74293646
       1.2954818      0.73210057
       1.2955002      0.71259784
       1.2955187      0.66541070
       1.2955372      0.62604300
       1.2955557      0.59906064
       1.2955742      0.57501190
       1.2955925      0.55193638
       1.2956110      0.55767492
       1.2956295      0.56988718
       1.2956479      0.59811626
       1.2956664      0.64772914
       1.2956849      0.71155826
       1.2957034      0.77217677
       1.2957217      0.83405210
       1.2957402      0.87230112
       1.2957587      0.86230206
       1.2957772      0.86317301
       1.2957956      0.85960853
       1.2958141      0.85876350
       1.2958326      0.84447210
       1.2958510      0.82878925
       1.2958694      0.82977110
       1.2958879      0.83918861
       1.2959064      0.84043974
       1.2959249      0.86912990
       1.2959433      0.88077339
       1.2959618      0.89199682
       1.2959802      0.90307082
       1.2959987      0.90208872
       1.2960171      0.88743299
       1.2960356      0.85214021
       1.2960541      0.86161224
       1.2960726      0.77144891
       1.2960910      0.73836968
       1.2961094      0.70755551
       1.2961279      0.69605199
       1.2961464      0.72389727
       1.2961648      0.76017269
       1.2961833      0.81136674
       1.2962018      0.82832138
       1.2962204      0.85930065
       1.2962387      0.91423010
       1.2962572      0.90848289
       1.2962757      0.92021319
       1.2962942      0.91832416
       1.2963126      0.88314553
       1.2963311      0.85320199
       1.2963495      0.83384946
       1.2963680      0.81047582
       1.2963864      0.78857123
       1.2964049      0.81031055
       1.2964234      0.82521492
       1.2964419      0.86171334
       1.2964603      0.87245829
       1.2964787      0.88607413
       1.2964972      0.88564766
       1.2965157      0.85929387
       1.2965341      0.87057155
       1.2965526      0.85587333
       1.2965711      0.84985059
       1.2965896      0.85233613
       1.2966079      0.85447083
       1.2966264      0.87440215
       1.2966449      0.86294682
       1.2966634      0.86919084
       1.2966818      0.85353405
       1.2967003      0.82040788
       1.2967188      0.77440504
       1.2967371      0.70268184
       1.2967556      0.66646638
       1.2967741      0.65391299
       1.2967926      0.66544847
       1.2968111      0.68853255
       1.2968295      0.70675706
       1.2968480      0.71415351
       1.2968664      0.70099788
       1.2968848      0.70107006
       1.2969033      0.69983717
       1.2969218      0.72728434
       1.2969403      0.75868215
       1.2969588      0.78570793
       1.2969772      0.82950235
       1.2969956      0.85014988
       1.2970141      0.86105681
       1.2970325      0.86574810
       1.2970510      0.84211763
       1.2970695      0.87306616
       1.2970880      0.88354891
       1.2971063      0.88959811
       1.2971248      0.88421189
       1.2971433      0.84893862
       1.2971618      0.83486905
       1.2971802      0.78543334
       1.2971987      0.70245025
       1.2972172      0.65222314
       1.2972356      0.62411831
       1.2972540      0.63119894
       1.2972725      0.66375737
       1.2972910      0.70025393
       1.2973095      0.71789664
       1.2973279      0.74877847
       1.2973464      0.74630982
       1.2973648      0.71915560
       1.2973833      0.71197119
       1.2974017      0.70769798
       1.2974202      0.73089617
       1.2974387      0.76758901
       1.2974572      0.80947363
       1.2974756      0.83050620
       1.2974940      0.84456373
       1.2975125      0.87055525
       1.2975310      0.88688455
       1.2975495      0.89658496
       1.2975680      0.89992240
       1.2975865      0.93199856
       1.2976050      0.90901450
       1.2976233      0.91278360
       1.2976418      0.89628886
       1.2976603      0.91024800
       1.2976788      0.90624717
       1.2976972      0.90410432
       1.2977157      0.92386775
       1.2977342      0.93184074
       1.2977525      0.93416404
       1.2977710      0.92612794
       1.2977895      0.94810617
       1.2978080      0.96067811
       1.2978265      0.95671524
       1.2978449      0.95642103
       1.2978633      0.94665966
       1.2978818      0.93983198
       1.2979002      0.94069458
       1.2979187      0.91689509
       1.2979372      0.92602471
       1.2979557      0.91889651
       1.2979742      0.91367607
       1.2979925      0.90501439
       1.2980110      0.90893687
       1.2980295      0.89954424
       1.2980479      0.90530924
       1.2980664      0.92787489
       1.2980849      0.91310111
       1.2981034      0.91030870
       1.2981217      0.87797004
       1.2981402      0.85981223
       1.2981587      0.88416308
       1.2981772      0.90331224
       1.2981956      0.90835374
       1.2982141      0.93066837
       1.2982326      0.92702858
       1.2982510      0.92053247
       1.2982694      0.93945564
       1.2982879      0.98098395
       1.2983064      0.97139536
       1.2983249      0.96894227
       1.2983433      0.95635486
       1.2983618      0.95078471
       1.2983802      0.94138437
       1.2983987      0.95012996
       1.2984171      0.94185232
       1.2984356      0.92564793
       1.2984541      0.92071272
       1.2984726      0.93255779
       1.2984910      0.92043903
       1.2985094      0.91502856
       1.2985279      0.91726295
       1.2985464      0.93806079
       1.2985648      0.93380837
       1.2985833      0.94364542
       1.2986018      0.95141719
       1.2986202      0.92969560
       1.2986386      0.92089963
       1.2986571      0.96723666
       1.2986756      0.95234127
       1.2986941      0.93250283
       1.2987125      0.92226461
       1.2987310      0.91094185
       1.2987494      0.90077219
       1.2987679      0.86860504
       1.2987863      0.86056422
       1.2988048      0.86171048
       1.2988233      0.87112126
       1.2988418      0.88639860
       1.2988602      0.88397477
       1.2988787      0.90600776
       1.2988972      0.91168545
       1.2989157      0.93504243
       1.2989341      0.94776526
       1.2989526      0.95342538
       1.2989711      0.95670574
       1.2989896      0.95242349
       1.2990079      0.97394621
       1.2990264      0.94881102
       1.2990449      0.92326324
       1.2990634      0.91656993
       1.2990818      0.89854586
       1.2991003      0.85838889
       1.2991188      0.79902463
       1.2991371      0.73734746
       1.2991556      0.69732468
       1.2991741      0.68685065
       1.2991926      0.70007535
       1.2992111      0.74525454
       1.2992295      0.78515879
       1.2992480      0.84019481
       1.2992664      0.89530137
       1.2992848      0.90754145
       1.2993033      0.88671267
       1.2993218      0.87530247
       1.2993403      0.84556275
       1.2993588      0.80430624
       1.2993771      0.73589160
       1.2993956      0.66700744
       1.2994141      0.64838085
       1.2994325      0.65759081
       1.2994510      0.65154090
       1.2994695      0.72384496
       1.2994880      0.77216185
       1.2995063      0.76242291
       1.2995248      0.78278703
       1.2995433      0.81783038
       1.2995618      0.81177154
       1.2995802      0.83001651
       1.2995987      0.84851756
       1.2996172      0.83957330
       1.2996356      0.80163516
       1.2996540      0.75264308
       1.2996725      0.68975803
       1.2996910      0.66813768
       1.2997095      0.68276961
       1.2997279      0.72072600
       1.2997464      0.77084625
       1.2997648      0.82902790
       1.2997833      0.87474989
       1.2998017      0.90610301
       1.2998202      0.92861353
       1.2998387      0.92728271
       1.2998572      0.92470350
       1.2998756      0.94819837
       1.2998940      0.95992554
       1.2999125      0.98194669
       1.2999310      0.95853384
       1.2999494      0.99014912
       1.2999679      0.97961549
       1.2999864      0.98422289
       1.3000049       1.0105562
       1.3000232       1.0073966
       1.3000417      0.98499338
       1.3000602      0.95021106
       1.3000787      0.96682439
       1.3000971      0.96417548
       1.3001156      0.93737132
       1.3001340      0.94915912
       1.3001525      0.93020395
       1.3001709      0.91948244
       1.3001894      0.90123366
       1.3002080      0.90147972
       1.3002265      0.87064354
       1.3002449      0.85686938
       1.3002633      0.83864912
       1.3002818      0.80873718
       1.3003003      0.77297886
       1.3003187      0.75903730
       1.3003372      0.72799882
       1.3003557      0.68298562
       1.3003742      0.64608274
       1.3003925      0.66353984
       1.3004110      0.69754605
       1.3004295      0.73930417
       1.3004480      0.78362564
       1.3004664      0.80084542
       1.3004849      0.79711453
       1.3005034      0.77100393
       1.3005217      0.74572914
       1.3005402      0.72314342
       1.3005587      0.73308648
       1.3005772      0.73947662
       1.3005957      0.74358157
       1.3006141      0.78776599
       1.3006326      0.81913285
       1.3006510      0.83869912
       1.3006694      0.91101086
       1.3006879      0.96895698
       1.3007064      0.98723956
       1.3007249      0.99401229
       1.3007434      0.97907452
       1.3007618      0.99343340
       1.3007802      0.98252320
       1.3007987      0.96251620
       1.3008171      0.95990491
       1.3008356      0.94594070
       1.3008541      0.97520584
       1.3008726      0.96319421
       1.3008909      0.94865041
       1.3009094      0.94969402
       1.3009279      0.92538281
       1.3009464      0.92063418
       1.3009648      0.89153322
       1.3009833      0.84835633
       1.3010018      0.77461229
       1.3010202      0.75289714
       1.3010386      0.73278607
       1.3010571      0.71140467
       1.3010756      0.69791686
       1.3010941      0.66650961
       1.3011125      0.62155750
       1.3011310      0.60139916
       1.3011494      0.60928589
       1.3011679      0.62985948
       1.3011863      0.64163076
       1.3012048      0.66512039
       1.3012233      0.70705173
       1.3012418      0.72305339
       1.3012602      0.67079773
       1.3012786      0.66319048
       1.3012971      0.61921562
       1.3013156      0.61623284
       1.3013340      0.62431967
       1.3013525      0.71503440
       1.3013710      0.75136004
       1.3013895      0.81744989
       1.3014078      0.84819591
       1.3014263      0.88406731
       1.3014448      0.93839019
       1.3014633      0.96578943
       1.3014817      0.97290584
       1.3015002       1.0352544
       1.3015187       1.0352544
       1.3015371       1.0352544
       1.3015556       1.0352544
       1.3015741       1.0352544
       1.3015926       1.0352544
       1.3016111       1.0352544
       1.3016295       1.0352544
       1.3016479       1.0352544
       1.3016664       1.0352544
       1.3016848       1.0352544
       1.3017033       1.0352544
       1.3017218       1.0352544
       1.3017403       1.0352544
